-0.9742413514464927 0.957429780179566
-0.9297618380909712 0.9468448345513676
-0.8852823247354499 0.9355123785701818
-0.8408028113799284 0.9245952061184333
-0.7963232980244069 0.9136448109843298
-0.7518437846688856 0.9025116910972739
-0.7073642713133641 0.8909300649984255
-0.6628847579578426 0.874780320075764
-0.6184052446023212 0.8570109693882961
-0.5739257312467998 0.8385771650537283
-0.5314680139528929 0.8219851144659811
-0.49103209272060067 0.8032065673895105
-0.45059617148830844 0.7844280203130398
-0.4101602502560162 0.7649577295289633
-0.37174612508533866 0.7467977614100685
-0.3353537959762758 0.7275818787455022
-0.29491787474398357 0.7072227933177352
-0.25448195351169134 0.6864515005348228
-0.21808962440262825 0.6669649145325491
-0.18169729529356538 0.6485563078929315
-0.14530496618450228 0.6294806108853923
-0.10891263707543941 0.6100278628003319
-0.07049851190476164 0.5906395782865896
-0.03208438673408409 0.570050531110588
0.004307942374978779 0.550383153950631
0.04070027148404187 0.5312349471204915
0.07709260059310497 0.510332002583427
0.11348492970216761 0.49128530950492777
0.1498772588112307 0.4709479415841449
0.18829138398190826 0.44887969402709904
0.2267055091525858 0.42826164292205726
0.2610760422000342 0.40829922095491344
0.29342477918586796 0.38994622467117734
0.3257735161717017 0.37159322838744124
0.3601440492191501 0.3518592123614881
0.3965363783282132 0.3313913267600248
0.4329287074372765 0.31112646866184224
0.46729924048472493 0.29214111655423614
0.5259313262715486 0.2588237514682701
0.5663672475038408 0.2379724781537622
0.6007377805512892 0.21987537137300872
0.6371301096603521 0.2008413675134646
0.6775660308926443 0.18060102241337384
0.7180019521249366 0.1607261268191882
0.7604596694188432 0.14054602653710058
0.8049391827743648 0.12157235361426377
0.849418696129886 0.10417675810328975
0.8938982094854075 0.08819312659240341
0.9383777228409291 0.07395368590515461
0.9828572361964503 0.06145843604154355
1.0273367495519719 0.050042923354469915
1.0718162629074934 0.03920880760860923
1.1162957762630146 0.03111556315703612
1.1607752896185362 0.022357865058362902
1.2052548029740577 0.01692243519518999
1.2497343163295789 0.01289896933210466
1.2942138296851005 0.010619694292657078
1.338693343040622 0.008589589370872286
1.3831728563961436 0.0077776494687706865
1.4155215933819771 0.0070499783135795635
1.6021044870681254 0.007178992334344159
1.6379191601595842 0.007281541940593161
1.6743114892686475 0.0059489985233243114
1.7450743514251588 0.006022677859192305
1.9012019361831756 0.007809460229653453
1.9357971132374703 0.006830343721897059
1.9735373063876096 0.006260556857851762
